52	116	362
52	51	830
52	20	178
52	107	290
52	40	233
52	75	196
52	29	481
52	98	167
52	66	482
52	112	394
52	115	768
52	34	543
51	52	830
51	107	362
51	116	288
51	75	169
51	66	460
51	40	281
51	29	396
51	112	536
51	34	485
51	115	764
101	70	321
101	73	489
101	72	489
101	31	394
101	86	421
101	85	363
101	84	540
101	75	167
64	29	187
72	114	292
72	101	489
72	73	537
72	31	265
72	20	166
72	113	185
72	70	489
72	85	399
72	86	290
72	75	485
72	84	329
73	101	489
73	84	326
73	72	537
73	31	230
73	86	185
73	85	233
31	101	394
31	84	261
31	73	230
31	72	265
31	85	198
31	70	393
31	75	171
113	72	185
113	20	205
113	85	211
113	84	421
113	100	167
113	75	277
113	114	205
113	98	421
113	29	232
113	66	220
113	34	216
113	55	322
70	29	194
70	75	487
70	31	393
70	101	321
70	86	287
70	72	489
70	114	498
70	85	473
70	84	361
70	100	336
70	66	196
70	34	185
118	48	239
118	63	395
118	115	187
118	34	220
94	34	630
94	66	194
94	55	184
94	116	280
94	81	167
94	71	187
94	62	177
94	114	233
94	63	295
94	103	199
94	75	254
94	29	295
94	115	167
85	101	363
85	72	399
85	31	198
85	73	233
85	113	211
85	70	473
85	86	329
85	100	281
85	84	486
85	106	230
85	103	290
85	114	279
85	75	362
85	29	204
85	66	241
28	71	293
28	62	388
91	116	219
86	101	421
86	73	185
86	72	290
86	85	329
86	70	287
86	84	295
86	114	177
86	75	233
48	63	187
48	118	239
48	81	365
117	81	362
100	85	281
100	70	336
100	113	167
100	71	166
100	62	178
100	114	583
100	75	291
100	29	166
100	66	166
62	94	177
62	28	388
62	40	245
62	29	285
62	66	549
62	34	279
62	100	178
62	75	233
62	71	563
62	114	171
62	103	421
62	116	196
84	101	540
84	31	261
84	72	329
84	73	326
84	113	421
84	70	361
84	85	486
84	86	295
84	75	360
84	40	174
84	98	322
84	55	194
71	107	233
71	66	362
71	28	293
71	94	187
71	103	364
71	100	166
71	62	563
71	116	365
71	75	233
71	40	233
106	103	123
106	85	230
106	66	230
81	48	365
81	117	362
81	63	340
81	94	167
81	34	185
107	51	362
107	52	290
107	71	233
107	114	190
107	116	399
107	75	203
107	40	254
63	20	166
63	81	340
63	118	395
63	94	295
63	48	187
63	114	167
63	112	233
63	115	178
63	34	185
20	66	392
20	52	178
20	72	166
20	113	205
20	63	166
20	103	83
20	114	220
20	116	293
20	75	233
20	40	233
20	55	166
20	29	214
20	98	190
20	115	169
103	94	199
103	85	290
103	106	123
103	62	421
103	71	364
103	20	83
103	116	266
103	114	233
103	40	934
103	75	248
103	98	169
103	29	321
103	66	965
103	55	199
103	34	251
114	98	233
114	20	220
114	72	292
114	70	498
114	113	205
114	94	233
114	85	279
114	86	177
114	62	171
114	103	233
114	100	583
114	63	167
114	107	190
114	116	233
114	75	393
114	55	265
114	66	390
114	40	329
114	29	360
114	115	233
114	34	233
116	103	266
116	107	399
116	52	362
116	51	288
116	71	365
116	40	711
116	94	280
116	91	219
116	62	196
116	114	233
116	20	293
116	75	484
116	66	517
116	98	250
116	29	460
116	34	280
116	55	291
116	115	329
75	31	171
75	51	169
75	52	196
75	72	485
75	101	167
75	113	277
75	70	487
75	94	254
75	85	362
75	86	233
75	71	233
75	100	291
75	62	233
75	84	360
75	114	393
75	107	203
75	103	248
75	20	233
75	116	484
75	40	421
75	29	398
75	98	549
75	66	545
75	44	198
75	16	190
75	55	488
75	115	290
75	34	333
40	29	520
40	51	281
40	52	233
40	116	711
40	84	174
40	62	245
40	71	233
40	20	233
40	107	254
40	103	934
40	114	329
40	98	370
40	75	421
40	66	970
40	112	177
40	55	320
40	115	393
40	34	398
45	44	711
45	29	196
45	66	220
45	34	177
29	113	232
29	70	194
29	64	187
29	94	295
29	85	204
29	100	166
29	62	285
29	20	214
29	103	321
29	114	360
29	116	460
29	75	398
29	40	520
29	45	196
29	98	548
29	66	925
29	16	233
29	55	422
29	44	291
29	112	532
29	51	396
29	52	481
29	115	766
29	34	799
98	115	363
98	34	583
98	113	421
98	52	167
98	84	322
98	20	190
98	103	169
98	114	233
98	116	250
98	75	549
98	33	221
98	40	370
98	29	548
98	66	490
98	112	232
98	44	185
98	16	386
98	55	660
66	55	366
66	115	563
66	51	460
66	52	482
66	113	220
66	70	196
66	40	970
66	94	194
66	85	241
66	106	230
66	100	166
66	71	362
66	62	549
66	103	965
66	20	392
66	114	390
66	116	517
66	75	545
66	45	220
66	34	711
66	29	925
66	98	490
66	44	473
66	112	421
66	16	203
112	51	536
112	52	394
112	63	233
112	40	177
112	29	532
112	98	232
112	66	421
112	115	766
112	34	610
44	75	198
44	45	711
44	29	291
44	98	185
44	66	473
44	55	205
44	115	185
44	34	230
47	34	279
16	115	475
16	75	190
16	29	233
16	98	386
16	66	203
16	34	442
16	55	583
55	84	194
55	113	322
55	94	184
55	40	320
55	29	422
55	98	660
55	66	366
55	44	205
55	16	583
55	115	290
55	33	196
55	34	393
55	114	265
55	103	199
55	20	166
55	116	291
55	75	488
115	51	764
115	52	768
115	94	167
115	118	187
115	63	178
115	114	233
115	20	169
115	116	329
115	75	290
115	40	393
115	29	766
115	98	363
115	66	563
115	112	766
115	44	185
115	16	475
115	55	290
115	33	174
115	34	909
34	52	543
34	51	485
34	94	630
34	113	216
34	70	185
34	118	220
34	62	279
34	81	185
34	63	185
34	103	251
34	114	233
34	116	280
34	40	398
34	45	177
34	29	799
34	98	583
34	66	711
34	112	610
34	44	230
34	47	279
34	16	442
34	55	393
34	115	909
34	33	203
34	75	333
33	98	221
33	55	196
33	115	174
33	34	203
